50 
0 1 0.1
1 2 0.01
2 3 45
3 4 0.01
4 5 99
5 6 0.01
6 7 40
7 8 45
8 9 0.01
9 49 99
0 10 40
10 11 45
11 12 99
12 13 30
13 14 0.01
14 15 50
15 16 99
16 49 0.1
16 17 99
17 18 40
17 43 1
18 19 40
19 20 0.01
20 21 10
21 49 0.1
21 22 0.01
22 29 0.01
0 23 0.01
23 24 20
24 25 99
25 26 0.01
26 27 31
27 49 0.01
27 28 45
28 29 2
29 49 99
0 30 10
30 31 10
31 32 99
32 33 10
33 34 99
34 35 0.01
35 36 99
36 37 10
37 49 5
37 38 10
38 39 45
39 40 0.01
40 49 10
0 41 24
41 42 39
42 43 45
43 44 0.01
44 45 2
45 49 24
0 46 45
46 47 9
47 48 0.01
48 49 45